-396	194	-200	-479	-401	-459	375	179	-97	169
77	77	75	77	75	77	75	77	77	77
1.9514389038085938
==========
169	169	-87	406	-439	215	-41	327	304	-49
77	76	76	77	76	76	76	77	76	77
3.9805428981781006
==========
-49	-50	349	-453	127	-405	25	-113	393	-240
77	77	76	76	77	77	77	76	76	77
6.054505348205566
==========
-240	-238	-394	-188	-214	100	125	296	444	390
77	77	76	77	77	76	76	77	77	76
8.115674257278442
==========
444	442	-158	266	-386	-374	10	230	279	-195
76	77	77	76	76	76	77	77	77	76
10.148218393325806
==========
279	279	-91	-455	378	-489	-435	-418	426	373
77	76	77	76	77	77	77	77	76	77
12.245014429092407
==========
373	371	79	264	443	-339	0	-466	481	125
77	76	77	77	76	77	77	76	77	77
14.30470585823059
==========
125	128	-348	-303	16	-113	406	452	-224	-92
77	77	76	77	76	76	76	76	77	76
16.33399224281311
==========
-224	-226	216	-332	-318	9	75	-180	377	-234
76	76	77	76	77	77	76	77	77	76
18.3975613117218
==========
377	376	427	-324	-413	-186	159	408	-393	-337
76	76	77	76	77	76	76	76	76	77
20.500744581222534
==========
-337	-338	52	-421	370	-324	348	261	45	366
77	77	84	76	76	76	76	76	80	77
22.78299307823181
==========
52	53	-44	474	154	111	-35	-281	347	-204
82	1062	76	76	77	77	76	77	77	76
51.42579770088196
==========
53	53	5	262	104	82	8	-114	200	-76
84	201	77	77	77	77	77	77	77	76
56.8383104801178
==========
53	55	29	157	80	67	32	-29	128	-12
335	817	77	77	77	205	77	77	77	77
78.71581721305847
==========
53	55	40	105	66	61	42	13	90	20
333	333	80	77	199	4603	80	77	77	77
117.12273049354553
==========
61	59	48	78	59	60	52	36	75	41
1301	43970	82	77	43970	43970	84	77	77	80
180.00070881843567
==========
